_H:	$Name	"%Input[2:0,0]<2:10,1>"	"%Input[2:1,0]"	"%Input[2:2,0]"	"%Input[2:3,0]"	"%Input[2:4,0]"	"%Input[2:5,0]"	"%Input[2:6,0]"	"%Input[2:7,0]"	"%Input[2:8,0]"	"%Input[2:9,0]"	"%ECout[2:0,0]<2:10,1>"	"%ECout[2:1,0]"	"%ECout[2:2,0]"	"%ECout[2:3,0]"	"%ECout[2:4,0]"	"%ECout[2:5,0]"	"%ECout[2:6,0]"	"%ECout[2:7,0]"	"%ECout[2:8,0]"	"%ECout[2:9,0]"
_D:	tr_catA_P1	1	0	1	0	1	0	0	1	1	0	1	0	1	0	1	0	0	1	1	0
_D:	tr_catA_P1	1	0	1	0	1	0	0	1	1	0	1	0	1	0	1	0	0	1	1	0
_D:	tr_catA_P1	1	0	1	0	1	0	0	1	1	0	1	0	1	0	1	0	0	1	1	0
_D:	tr_catA_P1	1	0	1	0	1	0	0	1	1	0	1	0	1	0	1	0	0	1	1	0
_D:	tr_catA_P1	1	0	1	0	1	0	0	1	1	0	1	0	1	0	1	0	0	1	1	0
_D:	tr_catA_P1	1	0	1	0	1	0	0	1	1	0	1	0	1	0	1	0	0	1	1	0
_D:	tr_catA_E1	1	0	0	1	0	1	1	0	1	0	1	0	0	1	0	1	1	0	1	0
_D:	tr_catA_E1	1	0	0	1	0	1	1	0	1	0	1	0	0	1	0	1	1	0	1	0
_D:	tr_catA_E1	1	0	0	1	0	1	1	0	1	0	1	0	0	1	0	1	1	0	1	0
_D:	tr_catA_E1	1	0	0	1	0	1	1	0	1	0	1	0	0	1	0	1	1	0	1	0
_D:	tr_catA_E1	1	0	0	1	0	1	1	0	1	0	1	0	0	1	0	1	1	0	1	0
_D:	tr_catA_E1	1	0	0	1	0	1	1	0	1	0	1	0	0	1	0	1	1	0	1	0
_D:	tr_catA_E1	1	0	0	1	0	1	1	0	1	0	1	0	0	1	0	1	1	0	1	0
_D:	tr_catA_E1	1	0	0	1	0	1	1	0	1	0	1	0	0	1	0	1	1	0	1	0
_D:	tr_catB_P1	0	1	0	1	0	1	1	0	0	1	0	1	0	1	0	1	1	0	0	1
_D:	tr_catB_P1	0	1	0	1	0	1	1	0	0	1	0	1	0	1	0	1	1	0	0	1
_D:	tr_catB_P1	0	1	0	1	0	1	1	0	0	1	0	1	0	1	0	1	1	0	0	1
_D:	tr_catB_P1	0	1	0	1	0	1	1	0	0	1	0	1	0	1	0	1	1	0	0	1
_D:	tr_catB_P1	0	1	0	1	0	1	1	0	0	1	0	1	0	1	0	1	1	0	0	1
_D:	tr_catB_P1	0	1	0	1	0	1	1	0	0	1	0	1	0	1	0	1	1	0	0	1
_D:	tr_catB_E1	1	0	1	0	0	1	0	1	0	1	1	0	1	0	0	1	0	1	0	1
_D:	tr_catB_E1	1	0	1	0	0	1	0	1	0	1	1	0	1	0	0	1	0	1	0	1
_D:	tr_catB_E1	1	0	1	0	0	1	0	1	0	1	1	0	1	0	0	1	0	1	0	1
_D:	tr_catB_E1	1	0	1	0	0	1	0	1	0	1	1	0	1	0	0	1	0	1	0	1
_D:	tr_catB_E1	1	0	1	0	0	1	0	1	0	1	1	0	1	0	0	1	0	1	0	1
_D:	tr_catB_E1	1	0	1	0	0	1	0	1	0	1	1	0	1	0	0	1	0	1	0	1
_D:	tr_catB_E1	1	0	1	0	0	1	0	1	0	1	1	0	1	0	0	1	0	1	0	1
_D:	tr_catB_E1	1	0	1	0	0	1	0	1	0	1	1	0	1	0	0	1	0	1	0	1